%YAML:1.0
---
R: !!opencv-matrix
   rows: 3
   cols: 3
   dt: d
   data: [ 9.9976385958024794e-01, -6.4793792153336948e-03,
       2.0742293079363205e-02, 7.0797662582488359e-03,
       9.9955423139893251e-01, -2.9003713593571290e-02,
       -2.0545120757368605e-02, 2.9143715231130921e-02,
       9.9936406873350814e-01 ]
T: !!opencv-matrix
   rows: 3
   cols: 1
   dt: d
   data: [ -1.3926870884657370e+02, 3.7226133155470427e+00,
       7.6964087559468801e+00 ]
R1: !!opencv-matrix
   rows: 3
   cols: 3
   dt: d
   data: [ 9.9882974023059046e-01, -3.4742350189003755e-02,
       -3.3646978084749216e-02, 3.4257508990391705e-02,
       9.9930225078366530e-01, -1.4880680645511598e-02,
       3.4140490750195644e-02, 1.3710604729372917e-02,
       9.9932299393604007e-01 ]
R2: !!opencv-matrix
   rows: 3
   cols: 3
   dt: d
   data: [ 9.9812106953750934e-01, -2.6679494731882910e-02,
       -5.5159179708819492e-02, 2.7465901735105522e-02,
       9.9953092337305149e-01, 1.3548338012190896e-02,
       5.4771843014234413e-02, -1.5037878236855132e-02,
       9.9838565065357265e-01 ]
P1: !!opencv-matrix
   rows: 3
   cols: 4
   dt: d
   data: [ 6.3012079504737176e+02, 0., 7.1709790039062500e+02, 0., 0.,
       6.3012079504737176e+02, 3.7280941390991211e+02, 0., 0., 0., 1.,
       0. ]
P2: !!opencv-matrix
   rows: 3
   cols: 4
   dt: d
   data: [ 6.3012079504737176e+02, 0., 7.1709790039062500e+02,
       -8.7921307566713076e+04, 0., 6.3012079504737176e+02,
       3.7280941390991211e+02, 0., 0., 0., 1., 0. ]
Q: !!opencv-matrix
   rows: 4
   cols: 4
   dt: d
   data: [ 1., 0., 0., -7.1709790039062500e+02, 0., 1., 0.,
       -3.7280941390991211e+02, 0., 0., 0., 6.3012079504737176e+02, 0.,
       0., 7.1668724281568228e-03, 0. ]
