%YAML:1.0
R: !!opencv-matrix
   rows: 3
   cols: 3
   dt: d
   data: [ 9.9997244861800250e-01, -4.3062114014355540e-03,
       -6.0463665355661835e-03, 4.2041308725990646e-03,
       9.9985010936325225e-01, -1.6795359177422604e-02,
       6.1177846090171894e-03, 1.6769476725846891e-02,
       9.9984066598724564e-01 ]
T: !!opencv-matrix
   rows: 3
   cols: 1
   dt: d
   data: [ -1.4155123242695558e+02, -9.2005118619451165e-01,
       1.4714740305396341e+00 ]
R1: !!opencv-matrix
   rows: 3
   cols: 3
   dt: d
   data: [ 9.9986103615606825e-01, 2.0181133379803128e-03,
       -1.6547978591611823e-02, -2.1565627974634749e-03,
       9.9996278781922143e-01, -8.3529763384860480e-03,
       1.6530505552280424e-02, 8.3875023317896737e-03,
       9.9982818133458318e-01 ]
R2: !!opencv-matrix
   rows: 3
   cols: 3
   dt: d
   data: [ 9.9992485332403902e-01, 6.4992867362049407e-03,
       -1.0394564772978511e-02, -6.4120493824899247e-03,
       9.9994412752580109e-01, 8.4040138851047500e-03,
       1.0448604098900770e-02, -8.3367318887627266e-03,
       9.9991065879597429e-01 ]
P1: !!opencv-matrix
   rows: 3
   cols: 4
   dt: d
   data: [ 1.0094828512064669e+03, 0., 7.0697342681884766e+02, 0., 0.,
       1.0094828512064669e+03, 4.9093902969360352e+02, 0., 0., 0., 1.,
       0. ]
P2: !!opencv-matrix
   rows: 3
   cols: 4
   dt: d
   data: [ 1.0094828512064669e+03, 0., 7.0697342681884766e+02,
       -1.4290428048381137e+05, 0., 1.0094828512064669e+03,
       4.9093902969360352e+02, 0., 0., 0., 1., 0. ]
Q: !!opencv-matrix
   rows: 4
   cols: 4
   dt: d
   data: [ 1., 0., 0., -7.0697342681884766e+02, 0., 1., 0.,
       -4.9093902969360352e+02, 0., 0., 0., 1.0094828512064669e+03, 0.,
       0., 7.0640490808868677e-03, 0. ]
