%YAML:1.0
R: !!opencv-matrix
   rows: 3
   cols: 3
   dt: d
   data: [ 9.9967479383302882e-01, -5.9212859886627290e-03,
       2.4804131654459965e-02, 6.9323901716015325e-03,
       9.9914009886911770e-01, -4.0877925562805242e-02,
       -2.4540752665719097e-02, 4.1036583727815726e-02,
       9.9885622101208837e-01 ]
T: !!opencv-matrix
   rows: 3
   cols: 1
   dt: d
   data: [ -1.4144138542065684e+02, 6.7774886235517007e-01,
       1.0603044833785753e+00 ]
R1: !!opencv-matrix
   rows: 3
   cols: 3
   dt: d
   data: [ 9.9978597429957783e-01, -1.1016086705110784e-02,
       1.7511465602553906e-02, 1.1371794223068119e-02,
       9.9972835006762040e-01, -2.0344738072083469e-02,
       -1.7282589215512276e-02, 2.0539520558644261e-02,
       9.9963965517841913e-01 ]
R2: !!opencv-matrix
   rows: 3
   cols: 3
   dt: d
   data: [ 9.9996042383320949e-01, -4.7915398851530585e-03,
       -7.4961265222160522e-03, 4.9437850121179057e-03,
       9.9977916693183322e-01, 2.0424895565062075e-02,
       7.3966044278466923e-03, -2.0461146463937988e-02,
       9.9976328784783808e-01 ]
P1: !!opencv-matrix
   rows: 3
   cols: 4
   dt: d
   data: [ 1.0029858597843470e+03, 0., 6.9995187377929688e+02, 0., 0.,
       1.0029858597843470e+03, 5.1212553024291992e+02, 0., 0., 0., 1.,
       0. ]
P2: !!opencv-matrix
   rows: 3
   cols: 4
   dt: d
   data: [ 1.0029858597843470e+03, 0., 6.9995187377929688e+02,
       -1.4186932420926407e+05, 0., 1.0029858597843470e+03,
       5.1212553024291992e+02, 0., 0., 0., 1., 0. ]
Q: !!opencv-matrix
   rows: 4
   cols: 4
   dt: d
   data: [ 1., 0., 0., -6.9995187377929688e+02, 0., 1., 0.,
       -5.1212553024291992e+02, 0., 0., 0., 1.0029858597843470e+03, 0.,
       0., 7.0697866883815894e-03, 0. ]
