%YAML:1.0
R: !!opencv-matrix
   rows: 3
   cols: 3
   dt: d
   data: [ 9.9957958623330567e-01, -1.9447505937708362e-03,
       2.8928683530045272e-02, 2.9311538385359717e-03,
       9.9941431405825032e-01, -3.4094533178384588e-02,
       -2.8845435043145396e-02, 3.4164993789040261e-02,
       9.9899984688515675e-01 ]
T: !!opencv-matrix
   rows: 3
   cols: 1
   dt: d
   data: [ -1.4530919066500516e+02, 2.2720328268170045e+00,
       5.9345932985771075e+00 ]
R1: !!opencv-matrix
   rows: 3
   cols: 3
   dt: d
   data: [ 9.9975628599965971e-01, -1.8948670263070472e-02,
       -1.1327687293882040e-02, 1.8754213230859042e-02,
       9.9967902495887584e-01, -1.7033101401764821e-02,
       1.1646806011006521e-02, 1.6816508333562036e-02,
       9.9979075658720173e-01 ]
R2: !!opencv-matrix
   rows: 3
   cols: 3
   dt: d
   data: [ 9.9904513005057949e-01, -1.5620920607698572e-02,
       -4.0802144080778653e-02, 1.6309457124077449e-02,
       9.9972923413266901e-01, 1.6596988546875035e-02,
       4.0531836012430031e-02, -1.7246601400716648e-02,
       9.9902939146432845e-01 ]
P1: !!opencv-matrix
   rows: 3
   cols: 4
   dt: d
   data: [ 9.8738639539607084e+02, 0., 7.2065776824951172e+02, 0., 0.,
       9.8738639539607084e+02, 4.6135703659057617e+02, 0., 0., 0., 1.,
       0. ]
P2: !!opencv-matrix
   rows: 3
   cols: 4
   dt: d
   data: [ 9.8738639539607084e+02, 0., 7.2065776824951172e+02,
       -1.4361345015652684e+05, 0., 9.8738639539607084e+02,
       4.6135703659057617e+02, 0., 0., 0., 1., 0. ]
Q: !!opencv-matrix
   rows: 4
   cols: 4
   dt: d
   data: [ 1., 0., 0., -7.2065776824951172e+02, 0., 1., 0.,
       -4.6135703659057617e+02, 0., 0., 0., 9.8738639539607084e+02, 0.,
       0., 6.8753058597220583e-03, 0. ]
