%YAML:1.0
M1: !!opencv-matrix
   rows: 3
   cols: 3
   dt: d
   data: [ 1.2419341073842720e+03, 0., 6.5000248225706912e+02, 0.,
       1.2370272865284880e+03, 5.0845362647516737e+02, 0., 0., 1. ]
D1: !!opencv-matrix
   rows: 14
   cols: 1
   dt: d
   data: [ -4.0028546311184970e-01, 1.6657375394010224e-01,
       5.4155824104505092e-04, 5.6370933362449155e-05,
       8.9194137406257756e-02, 0., 0., 9.3689627358920724e-02, 0., 0.,
       0., 0., 0., 0. ]
M2: !!opencv-matrix
   rows: 3
   cols: 3
   dt: d
   data: [ 1.2419341073842720e+03, 0., 6.8909380871852943e+02, 0.,
       1.2370272865284880e+03, 4.8817555492078230e+02, 0., 0., 1. ]
D2: !!opencv-matrix
   rows: 14
   cols: 1
   dt: d
   data: [ -4.1902670569600453e-01, 2.7109568684650398e-01,
       -1.6047123414947536e-03, 1.3215744400674960e-03,
       -1.0128344642649634e-01, 0., 0., 6.6782981966333491e-02, 0., 0.,
       0., 0., 0., 0. ]
