%YAML:1.0
---
M1: !!opencv-matrix
   rows: 3
   cols: 3
   dt: d
   data: [ 8.9684729575380231e+02, 0., 6.3774648428881244e+02, 0.,
       9.0348999036243538e+02, 3.7161073452390298e+02, 0., 0., 1. ]
D1: !!opencv-matrix
   rows: 14
   cols: 1
   dt: d
   data: [ -4.4384755755062233e-01, 1.9868737211587628e-01,
       3.2638673525770966e-03, 2.4592009382588351e-03,
       -6.7937805851811847e-02, 0., 0., -1.0259984526978085e-01, 0., 0.,
       0., 0., 0., 0. ]
M2: !!opencv-matrix
   rows: 3
   cols: 3
   dt: d
   data: [ 8.9684729575380231e+02, 0., 6.3761848742931363e+02, 0.,
       9.0348999036243538e+02, 3.6669122703081899e+02, 0., 0., 1. ]
D2: !!opencv-matrix
   rows: 14
   cols: 1
   dt: d
   data: [ -4.5806070408121946e-01, 2.6776750447701414e-01,
       -3.2445645801186252e-04, 5.5412552294021658e-03,
       -6.7937805851811847e-02, 0., 0., 1.1565320118589593e-02, 0., 0.,
       0., 0., 0., 0. ]
