%YAML:1.0
M1: !!opencv-matrix
   rows: 3
   cols: 3
   dt: d
   data: [ 1.2572287782774031e+03, 0., 6.6341323715615522e+02, 0.,
       1.2648414244613418e+03, 5.0409499334755878e+02, 0., 0., 1. ]
D1: !!opencv-matrix
   rows: 14
   cols: 1
   dt: d
   data: [ -4.4053843104244134e-01, 2.6038963757068473e-01,
       4.7314369374378482e-03, 1.0301932986117616e-03,
       -1.7080832294100223e-01, 0., 0., -1.4500139447777566e-01, 0., 0.,
       0., 0., 0., 0. ]
M2: !!opencv-matrix
   rows: 3
   cols: 3
   dt: d
   data: [ 1.2572287782774031e+03, 0., 6.6262702415913907e+02, 0.,
       1.2648414244613418e+03, 5.1029254373971008e+02, 0., 0., 1. ]
D2: !!opencv-matrix
   rows: 14
   cols: 1
   dt: d
   data: [ -4.9305355228953185e-01, 5.7041459634236868e-01,
       9.2834699429916213e-04, 3.9058135239039182e-03,
       -2.6783593852632448e-01, 0., 0., 3.4295196270132261e-01, 0., 0.,
       0., 0., 0., 0. ]
