%YAML:1.0
M1: !!opencv-matrix
   rows: 3
   cols: 3
   dt: d
   data: [ 1.2108081509354183e+03, 0., 6.5815777361058542e+02, 0.,
       1.2115298123260577e+03, 4.7843023225842450e+02, 0., 0., 1. ]
D1: !!opencv-matrix
   rows: 14
   cols: 1
   dt: d
   data: [ -4.0425583532909598e-01, 3.2473592607884677e-01,
       3.3157355697725527e-03, -8.3887089187331543e-05,
       -2.6615731958411265e-01, 0., 0., 2.1409963390729189e-02, 0., 0.,
       0., 0., 0., 0. ]
M2: !!opencv-matrix
   rows: 3
   cols: 3
   dt: d
   data: [ 1.2108081509354183e+03, 0., 6.5781046756035914e+02, 0.,
       1.2115298123260577e+03, 4.7553934772649285e+02, 0., 0., 1. ]
D2: !!opencv-matrix
   rows: 14
   cols: 1
   dt: d
   data: [ -3.9756699060206535e-01, 2.3180683494726401e-01,
       5.4148639108238261e-04, 2.0411753400689666e-03,
       -9.3940777199469458e-02, 0., 0., -5.7694230758415496e-02, 0., 0.,
       0., 0., 0., 0. ]
