%YAML:1.0
calibration_time: "Thu 02 Mar 2017 09:25:55 PM EST"
nframes: 37
image_width: 1280
image_height: 1024
board_width: 7
board_height: 7
square_size: 100.
flags: 0
camera_matrix: !!opencv-matrix
   rows: 3
   cols: 3
   dt: d
   data: [ 1.2397469996365996e+03, 0., 6.8013485986224384e+02, 0.,
       1.2351912148391564e+03, 4.9221869318524125e+02, 0., 0., 1. ]
distortion_coefficients: !!opencv-matrix
   rows: 5
   cols: 1
   dt: d
   data: [ -4.1563869218828936e-01, 2.4705074436143606e-01,
       -1.9316527983975387e-03, 1.0792709764241462e-03,
       -1.0128344642649634e-01 ]
avg_reprojection_error: 3.1102564251477194e-01
per_view_reprojection_errors: !!opencv-matrix
   rows: 37
   cols: 1
   dt: f
   data: [ 1.87628612e-01, 1.88962579e-01, 1.74315974e-01,
       1.96774676e-01, 1.88258424e-01, 1.94006309e-01, 4.91015941e-01,
       1.94455475e-01, 2.09523425e-01, 1.95021585e-01, 3.70717794e-01,
       3.49142760e-01, 3.43839139e-01, 3.39708626e-01, 2.41400391e-01,
       2.40912586e-01, 4.26300675e-01, 4.07582104e-01, 4.22300547e-01,
       3.67455572e-01, 3.69061142e-01, 3.50948632e-01, 1.31928220e-01,
       1.37357980e-01, 1.45071670e-01, 3.17703158e-01, 3.15083504e-01,
       3.08794856e-01, 4.02422816e-01, 4.22759444e-01, 4.20696288e-01,
       2.27131993e-01, 2.11326674e-01, 2.20909372e-01, 3.98214638e-01,
       3.88004005e-01, 3.88271958e-01 ]
extrinsic_parameters: !!opencv-matrix
   rows: 37
   cols: 6
   dt: d
   data: [ 6.6217759298657211e-02, -4.0676011422233213e-03,
       -4.5982682474409349e-02, -4.3419955193763172e+02,
       -3.5454869777861785e+02, 1.0724525834868955e+03,
       6.5656298633304702e-02, -4.0193318115729574e-03,
       -4.5979476149772949e-02, -4.3419996052795130e+02,
       -3.5458155265013568e+02, 1.0728740922825898e+03,
       6.3744650636335276e-02, -3.1643286452895541e-03,
       -4.5852305179424194e-02, -4.3413522057747110e+02,
       -3.5473323437570212e+02, 1.0744982503319100e+03,
       2.2089791638270205e-02, 1.7650079872180879e-01,
       -2.2155836864186880e-02, -2.9351031789103905e+02,
       -3.7753492483284072e+02, 1.2145516618852530e+03,
       1.8976355337998484e-02, 1.7685550006261361e-01,
       -2.1909708863267284e-02, -2.9311901693961823e+02,
       -3.7758312580017184e+02, 1.2168184376712379e+03,
       1.9637572773362848e-02, 1.7673580106230591e-01,
       -2.1957231706529527e-02, -2.9320412390156639e+02,
       -3.7757989727127165e+02, 1.2163144052742241e+03,
       6.8822090864710472e-02, 5.6316570502714158e-01,
       4.2459158833694256e-03, -2.8785599556977616e+02,
       -3.9588940300735169e+02, 1.3780705685069020e+03,
       5.7466518114899022e-02, 5.1439282505594464e-01,
       3.6515170667068136e-03, -3.0330159892300765e+02,
       -3.9305662672183627e+02, 1.3534971377858892e+03,
       5.8409397275989060e-02, 5.1260348009834111e-01,
       3.5336342640366670e-03, -3.0377620079470245e+02,
       -3.9305988600644724e+02, 1.3524242776970018e+03,
       5.8685156340560686e-02, 5.1416358483035984e-01,
       3.3778836734652887e-03, -3.0374002041219632e+02,
       -3.9302926034433636e+02, 1.3526359422358137e+03,
       8.1914991316648575e-02, -5.7106254074543183e-01,
       -8.0813673464326455e-02, -4.6819107456921103e+02,
       -3.3436176074541720e+02, 9.0109848522021719e+02,
       8.0639016173817135e-02, -5.7037051631344693e-01,
       -8.1201481484342530e-02, -4.6885603237659768e+02,
       -3.3441438693858510e+02, 9.0213021732899028e+02,
       7.9441273741986271e-02, -5.6988595153524857e-01,
       -8.1521899918496135e-02, -4.6949406746060328e+02,
       -3.3447631343608992e+02, 9.0314732801077582e+02,
       7.9664870258116582e-02, -5.6996440110522062e-01,
       -8.1439550933369520e-02, -4.6932844374740819e+02,
       -3.3447322125485567e+02, 9.0291197556546456e+02,
       -4.8117052860118453e-01, -3.5825384683818656e-02,
       -6.5466433759916495e-02, -4.3212286063810382e+02,
       -2.3686433367361946e+02, 1.1481344167135182e+03,
       -4.8126348112943507e-01, -3.5837112601448014e-02,
       -6.5485837051164744e-02, -4.3213101779086128e+02,
       -2.3683173854736293e+02, 1.1481864743518115e+03,
       4.0517076897942966e-01, 6.6926047065546085e-02,
       -6.4927574237083091e-02, -3.8063024709643014e+02,
       -3.2060608026596913e+02, 1.0922598370028156e+03,
       4.0681131075026522e-01, 6.7410321889701016e-02,
       -6.4857016368570483e-02, -3.8068463761969377e+02,
       -3.2018097096809345e+02, 1.0912597601735395e+03,
       4.0632934457500663e-01, 6.7053791862584075e-02,
       -6.4943284480380961e-02, -3.8068015226778493e+02,
       -3.2028864388430924e+02, 1.0915258074725241e+03,
       1.5411265719483525e-01, -4.1982018439926416e-01,
       -6.0034339853616302e-02, -3.5854377022280335e+02,
       -3.3940659354514645e+02, 9.2001727862901214e+02,
       1.5382227753071864e-01, -4.1981195282112327e-01,
       -6.0030003993826006e-02, -3.5859753218010991e+02,
       -3.3945710232186701e+02, 9.2023340002267628e+02,
       1.5324179066029506e-01, -4.1907735055728318e-01,
       -6.0064615404010521e-02, -3.5891186909308539e+02,
       -3.3957489749905022e+02, 9.2100774602805438e+02,
       2.1385887171570817e-01, 3.7892949388220765e-01,
       -4.4273398269422691e-02, -2.8361383257370790e+02,
       -3.9304818804410422e+02, 1.4402838672274236e+03,
       2.1176919219573886e-01, 3.7993050302929193e-01,
       -4.3826521551086357e-02, -2.8300641448346670e+02,
       -3.9341514927496684e+02, 1.4419151006422401e+03,
       2.1108528547119351e-01, 3.8085434809132196e-01,
       -4.3705562069235010e-02, -2.8282107828949438e+02,
       -3.9352391938739504e+02, 1.4425820135190172e+03,
       2.9376384049951521e-01, -2.2213261809509549e-01,
       5.8051391644444483e-01, -2.7665773029460905e+02,
       -6.8143098878764204e+02, 1.8034327917154410e+03,
       2.9337706550506026e-01, -2.2246206287416512e-01,
       5.8077595369667157e-01, -2.7645446881014175e+02,
       -6.8163802219032755e+02, 1.8038326799187043e+03,
       2.9316998789722237e-01, -2.1993064197304021e-01,
       5.7974434427966637e-01, -2.7795838132256625e+02,
       -6.8184730233082792e+02, 1.8050425120033610e+03,
       8.0661878545140966e-02, -8.3841011896282114e-01,
       5.3165734516656526e-01, -3.6636964307845454e+02,
       -6.5439644322773620e+02, 1.7013482477803893e+03,
       8.0677295855496184e-02, -8.3966197569628098e-01,
       5.3139116126332608e-01, -3.6579471687266130e+02,
       -6.5411758919316617e+02, 1.7008438069816177e+03,
       8.2653581298278656e-02, -8.4224561157434186e-01,
       5.3229734419725305e-01, -3.6337109299642412e+02,
       -6.5332312553813688e+02, 1.6989147477538663e+03,
       5.2175735268186618e-01, 6.4228950467270873e-01,
       6.4102921117486256e-01, -5.9591710893403125e+01,
       -7.4666809221644883e+02, 2.0051700687478126e+03,
       5.2023069383776233e-01, 6.3663186853351517e-01,
       6.4124162718000122e-01, -5.9651244447999105e+01,
       -7.4643929554728197e+02, 2.0039738374349922e+03,
       5.2003606512690626e-01, 6.3327389686517477e-01,
       6.3911490780102476e-01, -6.2085950477616962e+01,
       -7.4593642162809942e+02, 2.0036537956733061e+03,
       -6.0649284493767797e-01, -5.6711423870116646e-03,
       -5.1115151074432881e-02, -4.6666415530323576e+02,
       -2.6368715209134245e+02, 1.9566986930392104e+03,
       -6.0648337304073130e-01, -5.1991285771225727e-03,
       -5.1246737676457300e-02, -4.6666011806507709e+02,
       -2.6359561839174853e+02, 1.9568082100476543e+03,
       -6.0466931531337020e-01, -5.4884694974962058e-03,
       -5.1223973198997887e-02, -4.6670105557405066e+02,
       -2.6438044484958613e+02, 1.9556639192240691e+03 ]
