%YAML:1.0
calibration_time: "Thu 02 Mar 2017 05:43:15 AM EST"
nframes: 16
image_width: 1280
image_height: 1024
board_width: 7
board_height: 7
square_size: 100.
flags: 0
camera_matrix: !!opencv-matrix
   rows: 3
   cols: 3
   dt: d
   data: [ 1.2132691165163403e+03, 0., 6.4063781479637191e+02, 0.,
       1.2136223578116153e+03, 4.8902546885888859e+02, 0., 0., 1. ]
distortion_coefficients: !!opencv-matrix
   rows: 5
   cols: 1
   dt: d
   data: [ -4.0547760576420377e-01, 3.1787253334855248e-01,
       2.9923546296006598e-03, 4.3220437058245085e-04,
       -2.6615731958411265e-01 ]
avg_reprojection_error: 1.6763093944649776e-01
per_view_reprojection_errors: !!opencv-matrix
   rows: 16
   cols: 1
   dt: f
   data: [ 1.77284241e-01, 1.74696535e-01, 1.75757855e-01,
       1.70549572e-01, 1.68297097e-01, 1.64422080e-01, 1.72440737e-01,
       1.67227805e-01, 1.03046738e-01, 1.01134256e-01, 1.01947911e-01,
       1.05493680e-01, 2.05915079e-01, 2.11340949e-01, 2.05387026e-01,
       2.07357600e-01 ]
extrinsic_parameters: !!opencv-matrix
   rows: 16
   cols: 6
   dt: d
   data: [ -2.7576728514228060e-01, 1.9820300749157513e-02,
       -5.1317093793885403e-02, 1.4759067156119093e+02,
       -1.4940787336038076e+02, 1.6010675199375250e+03,
       -2.7579528410751353e-01, 1.9888091262387497e-02,
       -5.1339760276949364e-02, 1.4759059461957349e+02,
       -1.4939594379895010e+02, 1.6011119822339001e+03,
       -2.7576986504138679e-01, 1.9844379281863448e-02,
       -5.1322676210482185e-02, 1.4758749543703027e+02,
       -1.4940316128376730e+02, 1.6010861273614669e+03,
       -2.7574088882556819e-01, 1.9908347797882083e-02,
       -5.1357082801286910e-02, 1.4759476506445125e+02,
       -1.4938076420786024e+02, 1.6011469816235217e+03,
       -3.3314499562108119e-01, -1.7542134603458947e-02,
       -5.0276220421521453e-02, -1.8417138093682610e+02,
       -1.2528979658303621e+02, 1.5942261986135995e+03,
       -3.3316249373314333e-01, -1.7801172017449095e-02,
       -5.0288951923686730e-02, -1.8417974068559735e+02,
       -1.2530690690345183e+02, 1.5941363194139824e+03,
       -3.3318256431612620e-01, -1.7655526912277134e-02,
       -5.0263944341308361e-02, -1.8417595909084670e+02,
       -1.2530728338166109e+02, 1.5941809050277127e+03,
       -3.3318640501366742e-01, -1.7655434555232056e-02,
       -5.0271769764434350e-02, -1.8417433131191356e+02,
       -1.2530191177486705e+02, 1.5942235443599270e+03,
       -3.0186798806813697e-01, -2.3831865703779650e-02,
       -6.3525622868194714e-02, -5.2544674581242271e+02,
       -1.1013121528247137e+02, 1.5829725516397091e+03,
       -3.0166713711854770e-01, -2.3831087171450042e-02,
       -6.3511950942744796e-02, -5.2545804194892753e+02,
       -1.1014800914042985e+02, 1.5829995355637657e+03,
       -3.0180133301965811e-01, -2.3867460529362908e-02,
       -6.3505980381328916e-02, -5.2545618047507537e+02,
       -1.1014379552110910e+02, 1.5829979929407762e+03,
       -3.0175842894662402e-01, -2.4052968074691192e-02,
       -6.3498440637588860e-02, -5.2545635233314226e+02,
       -1.1015144435440463e+02, 1.5829543064680745e+03,
       -3.1082154750063723e-01, -2.8187541691095538e-02,
       -7.1691909784405816e-02, -6.5229321046589655e+02,
       -9.9382445868856109e+01, 1.5759162216623270e+03,
       -3.1089245126927567e-01, -2.8035528243975243e-02,
       -7.1709109810624908e-02, -6.5228468746192186e+02,
       -9.9367637250864192e+01, 1.5759397861190744e+03,
       -3.1078796512853091e-01, -2.8253147781764777e-02,
       -7.1673319048076098e-02, -6.5228692635930497e+02,
       -9.9384323581801453e+01, 1.5758836335054118e+03,
       -3.1094548060364036e-01, -2.7937230752232430e-02,
       -7.1709099804728199e-02, -6.5227343158002657e+02,
       -9.9351945147949863e+01, 1.5759689207414729e+03 ]
image_points: !!opencv-matrix
   rows: 16
   cols: 49
   dt: "2f"
   data: [ 7.51475647e+02, 3.77040924e+02, 8.25688110e+02,
       3.73617920e+02, 8.98245789e+02, 3.70566895e+02, 9.68682739e+02,
       3.68026489e+02, 1.03665271e+03, 3.65872955e+02, 1.10164368e+03,
       3.64093353e+02, 1.16362231e+03, 3.62680115e+02, 7.57453003e+02,
       4.48338654e+02, 8.33081482e+02, 4.44415070e+02, 9.06955139e+02,
       4.40781219e+02, 9.78630188e+02, 4.37456238e+02, 1.04762109e+03,
       4.34358948e+02, 1.11354663e+03, 4.31498962e+02, 1.17607605e+03,
       4.28945557e+02, 7.63211853e+02, 5.22436279e+02, 8.40268188e+02,
       5.18126282e+02, 9.15264099e+02, 5.13873779e+02, 9.87956604e+02,
       5.09711517e+02, 1.05794690e+03, 5.05532623e+02, 1.12464355e+03,
       5.01534729e+02, 1.18765417e+03, 4.97766083e+02, 7.68907288e+02,
       5.99018921e+02, 8.46971558e+02, 5.94189209e+02, 9.23084717e+02,
       5.89254150e+02, 9.96650574e+02, 5.84110779e+02, 1.06736609e+03,
       5.78964355e+02, 1.13457861e+03, 5.73625793e+02, 1.19814697e+03,
       5.68341370e+02, 7.74341553e+02, 6.77539185e+02, 8.53260254e+02,
       6.72126648e+02, 9.30208252e+02, 6.66303345e+02, 1.00445825e+03,
       6.60280151e+02, 1.07577344e+03, 6.53688354e+02, 1.14338733e+03,
       6.47049500e+02, 1.20720667e+03, 6.40332642e+02, 7.79372192e+02,
       7.57108276e+02, 8.59043579e+02, 7.51134094e+02, 9.36533997e+02,
       7.44572937e+02, 1.01125385e+03, 7.37415283e+02, 1.08295508e+03,
       7.29660706e+02, 1.15091638e+03, 7.21554565e+02, 1.21501575e+03,
       7.13277405e+02, 7.84001953e+02, 8.36730835e+02, 8.64015991e+02,
       8.30370605e+02, 9.41834229e+02, 8.22942139e+02, 1.01689606e+03,
       8.14798706e+02, 1.08875085e+03, 8.05854004e+02, 1.15689746e+03,
       7.96276550e+02, 1.22110852e+03, 7.86506531e+02, 7.51495483e+02,
       3.77091064e+02, 8.25649292e+02, 3.73594269e+02, 8.98237244e+02,
       3.70567261e+02, 9.68698364e+02, 3.67994080e+02, 1.03659802e+03,
       3.65903107e+02, 1.10162720e+03, 3.64102936e+02, 1.16360327e+03,
       3.62713318e+02, 7.57463501e+02, 4.48326294e+02, 8.33073364e+02,
       4.44435364e+02, 9.06999023e+02, 4.40734955e+02, 9.78622192e+02,
       4.37456543e+02, 1.04757751e+03, 4.34373505e+02, 1.11355762e+03,
       4.31493286e+02, 1.17610339e+03, 4.28910187e+02, 7.63224182e+02,
       5.22469482e+02, 8.40289368e+02, 5.18103333e+02, 9.15268799e+02,
       5.13868042e+02, 9.87989563e+02, 5.09679016e+02, 1.05791101e+03,
       5.05521393e+02, 1.12463293e+03, 5.01521210e+02, 1.18773071e+03,
       4.97729828e+02, 7.68912354e+02, 5.99021423e+02, 8.46976196e+02,
       5.94190857e+02, 9.23091614e+02, 5.89288757e+02, 9.96602844e+02,
       5.84140930e+02, 1.06734973e+03, 5.78991333e+02, 1.13456750e+03,
       5.73634277e+02, 1.19814050e+03, 5.68399048e+02, 7.74336670e+02,
       6.77511536e+02, 8.53281372e+02, 6.72132996e+02, 9.30156006e+02,
       6.66303406e+02, 1.00443518e+03, 6.60333862e+02, 1.07573425e+03,
       6.53652039e+02, 1.14339331e+03, 6.47054382e+02, 1.20723438e+03,
       6.40279419e+02, 7.79384460e+02, 7.57124084e+02, 8.59026001e+02,
       7.51129150e+02, 9.36532166e+02, 7.44549561e+02, 1.01128931e+03,
       7.37453674e+02, 1.08295264e+03, 7.29633423e+02, 1.15095496e+03,
       7.21575439e+02, 1.21501343e+03, 7.13297791e+02, 7.83975708e+02,
       8.36762756e+02, 8.64052856e+02, 8.30356812e+02, 9.41825195e+02,
       8.22972473e+02, 1.01687415e+03, 8.14776001e+02, 1.08876929e+03,
       8.05765381e+02, 1.15695349e+03, 7.96265564e+02, 1.22107800e+03,
       7.86477173e+02, 7.51492188e+02, 3.77068146e+02, 8.25669373e+02,
       3.73600372e+02, 8.98262756e+02, 3.70564972e+02, 9.68676270e+02,
       3.68015717e+02, 1.03661719e+03, 3.65910034e+02, 1.10160876e+03,
       3.64122742e+02, 1.16359973e+03, 3.62675751e+02, 7.57426514e+02,
       4.48331268e+02, 8.33059570e+02, 4.44406403e+02, 9.06979065e+02,
       4.40782745e+02, 9.78620911e+02, 4.37446930e+02, 1.04757776e+03,
       4.34348846e+02, 1.11358008e+03, 4.31461853e+02, 1.17603235e+03,
       4.28940613e+02, 7.63212952e+02, 5.22453674e+02, 8.40277100e+02,
       5.18103210e+02, 9.15280640e+02, 5.13869812e+02, 9.87999146e+02,
