%YAML:1.0
calibration_time: "Thu 02 Mar 2017 05:48:19 AM EST"
nframes: 16
image_width: 1280
image_height: 1024
board_width: 7
board_height: 7
square_size: 100.
flags: 0
camera_matrix: !!opencv-matrix
   rows: 3
   cols: 3
   dt: d
   data: [ 1.1940303140535013e+03, 0., 6.7511626121850463e+02, 0.,
       1.1951118624508863e+03, 4.6673363547093686e+02, 0., 0., 1. ]
distortion_coefficients: !!opencv-matrix
   rows: 5
   cols: 1
   dt: d
   data: [ -3.9442751624959027e-01, 2.4844152707069783e-01,
       4.4151628742144437e-04, 1.2098752274750640e-03,
       -9.3940777199469458e-02 ]
avg_reprojection_error: 1.7217202106051377e-01
per_view_reprojection_errors: !!opencv-matrix
   rows: 16
   cols: 1
   dt: f
   data: [ 1.71721146e-01, 1.73744187e-01, 1.75700501e-01,
       1.76029667e-01, 1.76543146e-01, 1.73492506e-01, 1.75601572e-01,
       1.76338643e-01, 1.11360937e-01, 1.09513588e-01, 1.15005262e-01,
       1.08786687e-01, 2.12034583e-01, 2.12349162e-01, 2.11141244e-01,
       2.13246167e-01 ]
extrinsic_parameters: !!opencv-matrix
   rows: 16
   cols: 6
   dt: d
   data: [ -2.6118633163685917e-01, 2.1678743057399544e-02,
       -4.7408224826560832e-02, 2.4445745559569154e+00,
       -1.7507709650656759e+02, 1.5788232705290634e+03,
       -2.6126349765101475e-01, 2.1534714115107451e-02,
       -4.7398509692289446e-02, 2.4267740973127081e+00,
       -1.7508548351019033e+02, 1.5787302264309285e+03,
       -2.6139259688992167e-01, 2.1655057304004584e-02,
       -4.7374729122089641e-02, 2.4445399565502783e+00,
       -1.7506884778607042e+02, 1.5787963525802213e+03,
       -2.6131447940648661e-01, 2.1764738367769938e-02,
       -4.7383890718935444e-02, 2.4568770933969493e+00,
       -1.7505221250968907e+02, 1.5788580777206369e+03,
       -3.1625176287591011e-01, -1.8374665293464210e-02,
       -4.7211154269358090e-02, -3.2936095208315953e+02,
       -1.5198764445447111e+02, 1.5719158992145522e+03,
       -3.1633078279680998e-01, -1.8328262177795592e-02,
       -4.7219238106060386e-02, -3.2935836384151480e+02,
       -1.5198595727913556e+02, 1.5719497375188557e+03,
       -3.1613554975972963e-01, -1.8243476991598537e-02,
       -4.7198870310247228e-02, -3.2935114271660626e+02,
       -1.5198612725097985e+02, 1.5719638092132786e+03,
       -3.1621930904053386e-01, -1.8175547118468270e-02,
       -4.7210203306161373e-02, -3.2935563109156391e+02,
       -1.5197612124954088e+02, 1.5719975904102475e+03,
       -2.8751938200421623e-01, -2.4388670405159896e-02,
       -6.0574032458808102e-02, -6.7040400480254903e+02,
       -1.3763731969251080e+02, 1.5604476999349743e+03,
       -2.8757949844094760e-01, -2.4293958513605985e-02,
       -6.0574501595942291e-02, -6.7040683257836974e+02,
       -1.3761727871974296e+02, 1.5604948634008574e+03,
       -2.8770090456345504e-01, -2.4405127878416203e-02,
       -6.0574606747034694e-02, -6.7041062475726949e+02,
       -1.3763027081436226e+02, 1.5605104842225262e+03,
       -2.8757939293793400e-01, -2.4471487271581084e-02,
       -6.0571018532505849e-02, -6.7040971761320611e+02,
       -1.3763596610557474e+02, 1.5604326258157580e+03,
       -2.9524543027366912e-01, -2.9435722356389783e-02,
       -6.8747507742727601e-02, -7.9716976777628395e+02,
       -1.2732144899052729e+02, 1.5530996102957915e+03,
       -2.9540772220089517e-01, -2.9370000105789985e-02,
       -6.8794131501936723e-02, -7.9716264882423513e+02,
       -1.2730338248571444e+02, 1.5531276509944744e+03,
       -2.9541008367783761e-01, -2.9382747723870221e-02,
       -6.8765958657799164e-02, -7.9715729950587740e+02,
       -1.2730279122360953e+02, 1.5531258603390763e+03,
       -2.9542235261640426e-01, -2.9417225544199028e-02,
       -6.8768692825062927e-02, -7.9716221425797039e+02,
       -1.2729829134651108e+02, 1.5531243970465807e+03 ]
image_points: !!opencv-matrix
   rows: 16
   cols: 49
   dt: "2f"
   data: [ 6.76908569e+02, 3.35203003e+02, 7.52036316e+02,
       3.31496552e+02, 8.26554993e+02, 3.28191772e+02, 8.99732117e+02,
       3.25404419e+02, 9.71294006e+02, 3.23035095e+02, 1.04037561e+03,
       3.21158813e+02, 1.10690173e+03, 3.19656738e+02, 6.80324707e+02,
       4.06464386e+02, 7.56973633e+02, 4.02600739e+02, 8.32947327e+02,
       3.99032257e+02, 9.07547302e+02, 3.95707489e+02, 9.80393372e+02,
       3.92699310e+02, 1.05069409e+03, 3.89941925e+02, 1.11801074e+03,
       3.87471008e+02, 6.83888245e+02, 4.80745544e+02, 7.61950745e+02,
       4.76785126e+02, 8.39226379e+02, 4.72821777e+02, 9.15036377e+02,
       4.69046600e+02, 9.88984192e+02, 4.65300964e+02, 1.06021460e+03,
       4.61545319e+02, 1.12836768e+03, 4.57999023e+02, 6.87416199e+02,
       5.57488281e+02, 7.66720093e+02, 5.53369019e+02, 8.45193481e+02,
       5.49112061e+02, 9.22082458e+02, 5.44668823e+02, 9.96933228e+02,
       5.40182312e+02, 1.06896179e+03, 5.35453064e+02, 1.13769360e+03,
       5.30703674e+02, 6.91181824e+02, 6.36117432e+02, 7.71422302e+02,
       6.31938171e+02, 8.50802673e+02, 6.27224670e+02, 9.28463806e+02,
       6.22179260e+02, 1.00410699e+03, 6.16501587e+02, 1.07670557e+03,
       6.10733826e+02, 1.14593066e+03, 6.04781921e+02, 6.94924805e+02,
       7.15879578e+02, 7.75912354e+02, 7.11527161e+02, 8.55921692e+02,
       7.06476440e+02, 9.34233032e+02, 7.00696350e+02, 1.01028436e+03,
       6.94161621e+02, 1.08340112e+03, 6.87215088e+02, 1.15295044e+03,
       6.79860474e+02, 6.98662354e+02, 7.95792358e+02, 7.80015625e+02,
       7.91383789e+02, 8.60431946e+02, 7.85835327e+02, 9.39052368e+02,
       7.79372314e+02, 1.01546216e+03, 7.72015686e+02, 1.08874915e+03,
       7.63866272e+02, 1.15850903e+03, 7.55270386e+02, 6.76918518e+02,
       3.35203186e+02, 7.52050964e+02, 3.31485138e+02, 8.26506287e+02,
       3.28156677e+02, 8.99749268e+02, 3.25412750e+02, 9.71263123e+02,
       3.23032104e+02, 1.04040649e+03, 3.21136383e+02, 1.10686890e+03,
       3.19653320e+02, 6.80304810e+02, 4.06509125e+02, 7.56953308e+02,
       4.02605988e+02, 8.32948914e+02, 3.98991608e+02, 9.07570740e+02,
       3.95714050e+02, 9.80380310e+02, 3.92699463e+02, 1.05068689e+03,
       3.89960480e+02, 1.11794629e+03, 3.87496429e+02, 6.83858765e+02,
       4.80739105e+02, 7.61927795e+02, 4.76769379e+02, 8.39226196e+02,
       4.72834259e+02, 9.15037598e+02, 4.69032318e+02, 9.88992737e+02,
       4.65267334e+02, 1.06028296e+03, 4.61547760e+02, 1.12835413e+03,
       4.58051575e+02, 6.87430725e+02, 5.57468689e+02, 7.66748230e+02,
       5.53355896e+02, 8.45187805e+02, 5.49108276e+02, 9.22081177e+02,
       5.44672119e+02, 9.96932068e+02, 5.40147400e+02, 1.06893726e+03,
       5.35410217e+02, 1.13771594e+03, 5.30677917e+02, 6.91124756e+02,
       6.36147217e+02, 7.71390930e+02, 6.31902710e+02, 8.50801941e+02,
       6.27205994e+02, 9.28485779e+02, 6.22175232e+02, 1.00413965e+03,
       6.16500183e+02, 1.07670850e+03, 6.10751465e+02, 1.14595276e+03,
       6.04796082e+02, 6.94888062e+02, 7.15913025e+02, 7.75965027e+02,
       7.11535583e+02, 8.55916748e+02, 7.06493103e+02, 9.34216064e+02,
       7.00708801e+02, 1.01031940e+03, 6.94219482e+02, 1.08340588e+03,
       6.87215698e+02, 1.15292627e+03, 6.79860291e+02, 6.98658875e+02,
       7.95772705e+02, 7.80014832e+02, 7.91394470e+02, 8.60431885e+02,
       7.85861816e+02, 9.39064819e+02, 7.79415222e+02, 1.01545062e+03,
       7.72009460e+02, 1.08872424e+03, 7.63841492e+02, 1.15851917e+03,
       7.55297363e+02, 6.76907715e+02, 3.35205322e+02, 7.52042786e+02,
       3.31483612e+02, 8.26510437e+02, 3.28191620e+02, 8.99815186e+02,
       3.25399689e+02, 9.71263123e+02, 3.23020477e+02, 1.04043408e+03,
       3.21171600e+02, 1.10690295e+03, 3.19702118e+02, 6.80359070e+02,
       4.06502686e+02, 7.57000854e+02, 4.02596924e+02, 8.32899719e+02,
       3.99065521e+02, 9.07535461e+02, 3.95721893e+02, 9.80392578e+02,
       3.92727234e+02, 1.05072388e+03, 3.89929443e+02, 1.11799524e+03,
       3.87488251e+02, 6.83861633e+02, 4.80749573e+02, 7.61935425e+02,
       4.76777039e+02, 8.39202881e+02, 4.72867004e+02, 9.14994446e+02,
