%YAML:1.0
calibration_time: "Thu 02 Mar 2017 09:27:53 PM EST"
nframes: 38
image_width: 1280
image_height: 1024
board_width: 7
board_height: 7
square_size: 100.
flags: 0
camera_matrix: !!opencv-matrix
   rows: 3
   cols: 3
   dt: d
   data: [ 1.2443140632846644e+03, 0., 6.4887267587465703e+02, 0.,
       1.2390554444369300e+03, 5.1738284812583777e+02, 0., 0., 1. ]
distortion_coefficients: !!opencv-matrix
   rows: 5
   cols: 1
   dt: d
   data: [ -4.0005130872892636e-01, 1.4225201307128352e-01,
       -2.2803183621686015e-04, -3.3862884232157073e-04,
       8.9194137406257756e-02 ]
avg_reprojection_error: 3.3406819492923767e-01
per_view_reprojection_errors: !!opencv-matrix
   rows: 38
   cols: 1
   dt: f
   data: [ 2.27144480e-01, 2.20650360e-01, 2.07515597e-01,
       2.02717498e-01, 2.06737310e-01, 2.04745039e-01, 4.14765090e-01,
       4.20939147e-01, 4.03867453e-01, 1.75120860e-01, 1.66916028e-01,
       1.74683452e-01, 4.68684673e-01, 4.43409681e-01, 4.34447557e-01,
       4.29973543e-01, 2.45537654e-01, 2.47864932e-01, 2.50196993e-01,
       4.21170503e-01, 4.42257047e-01, 4.40915376e-01, 4.25178558e-01,
       1.34746477e-01, 1.43142134e-01, 1.40707240e-01, 3.51385206e-01,
       3.49364877e-01, 3.42278093e-01, 4.42707807e-01, 4.63615179e-01,
       4.60245341e-01, 2.22398847e-01, 2.15289712e-01, 2.18090072e-01,
       4.00892228e-01, 3.85811210e-01, 3.88825774e-01 ]
extrinsic_parameters: !!opencv-matrix
   rows: 38
   cols: 6
   dt: d
   data: [ 5.2276575811705417e-02, -5.7178441509987627e-03,
       -5.0685429518675225e-02, -2.9453959789121888e+02,
       -3.3847446101108949e+02, 1.0778685484537004e+03,
       5.1705226638929146e-02, -5.5929905443407937e-03,
       -5.0687101240887891e-02, -2.9454244655104270e+02,
       -3.3849857537572586e+02, 1.0783164805568194e+03,
       5.0121569004445754e-02, -4.8375478294334796e-03,
       -5.0561148602962847e-02, -2.9447764174965698e+02,
       -3.3861790692935784e+02, 1.0797694320623962e+03,
       9.4655900926694774e-03, 1.7583443159970255e-01,
       -2.8090148851175337e-02, -1.5403582234766276e+02,
       -3.6016882197826021e+02, 1.2202447662772927e+03,
       6.0365104688260719e-03, 1.7591063416857955e-01,
       -2.7805253496884747e-02, -1.5361623477262654e+02,
       -3.6018835423923349e+02, 1.2226452189860304e+03,
       6.7722716148918213e-03, 1.7591376937652589e-01,
       -2.7869749797485823e-02, -1.5370644550050861e+02,
       -3.6018525749497576e+02, 1.2221475899483294e+03,
       5.8135107646657587e-02, 5.6278289581482388e-01,
       -4.5356027348319007e-03, -1.4862890021967823e+02,
       -3.7630872885362947e+02, 1.3840427091179254e+03,
       5.9119537835526474e-02, 5.6241696806509212e-01,
       -4.7991622086738517e-03, -1.4903554424397495e+02,
       -3.7625550191823675e+02, 1.3834546475080085e+03,
       5.9377485420741123e-02, 5.6321188364831931e-01,
       -4.7044404404584760e-03, -1.4890485599634255e+02,
       -3.7632004972241538e+02, 1.3834615229942231e+03,
       4.5732420831196711e-02, 5.1403134062134537e-01,
       -4.3972004389642941e-03, -1.6383961481429068e+02,
       -3.7382059519673243e+02, 1.3597345657693754e+03,
       4.7012756477977119e-02, 5.1233751767726177e-01,
       -4.6372434977020541e-03, -1.6441264186818782e+02,
       -3.7378479619468595e+02, 1.3586376225520874e+03,
       4.7001741618949391e-02, 5.1372056356063134e-01,
       -4.6898175776454651e-03, -1.6431376105024248e+02,
       -3.7378746089914284e+02, 1.3588451459316530e+03,
       6.8035571715277410e-02, -5.7224100915693754e-01,
       -8.1059057745163324e-02, -3.2814305771014307e+02,
       -3.2060824331265451e+02, 9.0602012684777947e+02,
       6.6689326836864724e-02, -5.7154414332348735e-01,
       -8.1493199484506784e-02, -3.2884530436761054e+02,
       -3.2064201339569132e+02, 9.0707953623933849e+02,
       6.4962791186438273e-02, -5.7113740524278878e-01,
       -8.1974668173822152e-02, -3.2960508113611542e+02,
       -3.2070494942813872e+02, 9.0828051070137099e+02,
       6.5520211995182168e-02, -5.7118112507581831e-01,
       -8.1782394951049886e-02, -3.2934394770334239e+02,
       -3.2069268030101682e+02, 9.0790636881508794e+02,
       -4.9492573239809545e-01, -3.6048944200156481e-02,
       -6.9945766675113138e-02, -2.9201350612901348e+02,
       -2.1991492352590311e+02, 1.1518315866154398e+03,
       -4.9499328078623939e-01, -3.6011649663932388e-02,
       -6.9949994534267951e-02, -2.9201526012859483e+02,
       -2.1987704660520467e+02, 1.1519229885538468e+03,
       -4.9552702159826456e-01, -3.6020768546783065e-02,
       -6.9968788809054105e-02, -2.9202277133992220e+02,
       -2.1969159326238886e+02, 1.1522455390295520e+03,
       3.9019589056385717e-01, 6.5882327210870131e-02,
       -6.9973850805356036e-02, -2.4099997164096320e+02,
       -3.0493546234890078e+02, 1.0988720156787315e+03,
       1.4037912070679667e-01, -4.2188800320476755e-01,
       -6.1383177510573345e-02, -2.1849546129561170e+02,
       -3.2590552888904580e+02, 9.2493268022017344e+02,
       1.4015084238899531e-01, -4.2185060712303007e-01,
       -6.1370648706917386e-02, -2.1852841197296894e+02,
       -3.2594994566178434e+02, 9.2511943878548914e+02,
       1.3936105052883643e-01, -4.2122874419067818e-01,
       -6.1430893249718427e-02, -2.1880711732854249e+02,
       -3.2606579148397975e+02, 9.2580883603993902e+02,
       2.0163636501643994e-01, 3.7820693865404642e-01,
       -5.1278035779375217e-02, -1.4420171009757547e+02,
       -3.7306134456487678e+02, 1.4467770398663301e+03,
       1.9984480424621348e-01, 3.7904621127582422e-01,
       -5.0895641453910734e-02, -1.4365627416672382e+02,
       -3.7337102774115061e+02, 1.4482079952426750e+03,
       1.9929673762636962e-01, 3.7995259809491538e-01,
       -5.0734546602031590e-02, -1.4345558360334897e+02,
       -3.7348242752430639e+02, 1.4487927852675189e+03,
       2.7712733829688146e-01, -2.2073891898134301e-01,
       5.7699923442736101e-01, -1.3847727996877126e+02,
       -6.5691202755258985e+02, 1.8153042291764032e+03,
       2.7709610376618538e-01, -2.2070552516622377e-01,
       5.7773149090019826e-01, -1.3786591835619745e+02,
       -6.5712539828424929e+02, 1.8155212803384482e+03,
       2.7676709402277505e-01, -2.1829628851470476e-01,
       5.7642746699435621e-01, -1.3963312405437728e+02,
       -6.5728973184963343e+02, 1.8169243698517555e+03,
       6.5889804704797536e-02, -8.3557357630108675e-01,
       5.3284632343563509e-01, -2.2800189193854658e+02,
       -6.3044740573049160e+02, 1.7113960777351153e+03,
       6.6254613462092452e-02, -8.3647185063204488e-01,
       5.3260802977153043e-01, -2.2754356837338992e+02,
       -6.3011880522051501e+02, 1.7106254498589963e+03,
       6.8220262261730544e-02, -8.3922557891926530e-01,
       5.3340234720956337e-01, -2.2523406459824264e+02,
       -6.2935622810510176e+02, 1.7086522582483101e+03,
       5.1164879891690496e-01, 6.4589503309344010e-01,
       6.3169679436186188e-01, 7.7691188612741314e+01,
       -7.1994377866235084e+02, 2.0167103602837408e+03,
       5.0958309278585356e-01, 6.3944364974374646e-01,
       6.3213064156957444e-01, 7.7809303618195756e+01,
       -7.1978804474235915e+02, 2.0156508655826703e+03,
       5.0966045680026018e-01, 6.3627379161772957e-01,
       6.3011053568751418e-01, 7.5463075815255209e+01,
       -7.1924838252674351e+02, 2.0149624542261856e+03,
       -6.2010375532999018e-01, -5.1177815502252127e-03,
       -5.5612138404966455e-02, -3.2666014907429934e+02,
       -2.3590897466293154e+02, 1.9611094569993054e+03,
       -6.1987360235181665e-01, -4.5637518617141215e-03,
       -5.5782647119200578e-02, -3.2666295406575966e+02,
       -2.3588923829857814e+02, 1.9611421577727190e+03,
       -6.1844974032956046e-01, -4.8242294056447532e-03,
       -5.5731745478853227e-02, -3.2669509323757507e+02,
       -2.3651039123261961e+02, 1.9602824648374840e+03 ]
