%YAML:1.0
calibration_time: "Sun 26 Feb 2017 08:05:57 AM EST"
nframes: 23
image_width: 1280
image_height: 1024
board_width: 7
board_height: 7
square_size: 100.
flags: 0
camera_matrix: !!opencv-matrix
   rows: 3
   cols: 3
   dt: d
   data: [ 1.2191970787738446e+03, 0., 6.4551807781431671e+02, 0.,
       1.2274233843273946e+03, 5.3229856191603358e+02, 0., 0., 1. ]
distortion_coefficients: !!opencv-matrix
   rows: 5
   cols: 1
   dt: d
   data: [ -4.2556027516213168e-01, 2.9593377512040814e-01,
       -1.4881981632626203e-03, 1.7592775380096003e-03,
       -1.7080832294100223e-01 ]
avg_reprojection_error: 2.2135354831304777e-01
per_view_reprojection_errors: !!opencv-matrix
   rows: 23
   cols: 1
   dt: f
   data: [ 1.40988395e-01, 1.37526035e-01, 1.38590619e-01,
       1.36802122e-01, 1.40745908e-01, 1.44903034e-01, 1.41767293e-01,
       1.96219683e-01, 1.95386574e-01, 1.95776284e-01, 1.95770711e-01,
       2.33797044e-01, 2.32807726e-01, 2.30500996e-01, 2.33810142e-01,
       2.59157866e-01, 2.64522135e-01, 2.63321042e-01, 2.62041181e-01,
       2.95873046e-01, 2.89384663e-01, 2.93060660e-01, 2.94998705e-01 ]
extrinsic_parameters: !!opencv-matrix
   rows: 23
   cols: 6
   dt: d
   data: [ -1.7540263219331226e-01, 6.9764982433938791e-02,
       -3.2211010490062045e-02, -9.7825935578246757e+01,
       -3.9523043895573545e+02, 1.1689664227638887e+03,
       -1.7541840494700275e-01, 6.9743627688148652e-02,
       -3.2220897192986028e-02, -9.7828961823385924e+01,
       -3.9522864706516975e+02, 1.1689706491343420e+03,
       -1.7544230397797062e-01, 6.9812583340891785e-02,
       -3.2218815491854298e-02, -9.7824564889422774e+01,
       -3.9522945269206309e+02, 1.1690171719779757e+03,
       -1.7541190950514721e-01, 6.9819582043662648e-02,
       -3.2221365348692868e-02, -9.7830908014825624e+01,
       -3.9522915811655292e+02, 1.1689874392220058e+03,
       -1.7542961263632856e-01, 6.9861236343884553e-02,
       -3.2208716254116636e-02, -9.7822499590635360e+01,
       -3.9522984625185273e+02, 1.1690024840407166e+03,
       -1.7531740311509583e-01, 6.9821089063661759e-02,
       -3.2218254656507558e-02, -9.7819824497953846e+01,
       -3.9524130226120542e+02, 1.1689866432724855e+03,
       -1.7549219591361817e-01, 6.9806911925952730e-02,
       -3.2212362012098102e-02, -9.7822515946615397e+01,
       -3.9523320089795669e+02, 1.1690402106023098e+03,
       -7.9264329752077006e-02, 7.4341995691298096e-02,
       -3.4253254019028179e-02, -2.7004934911261074e+02,
       -4.1217775032417478e+02, 1.1809879012202455e+03,
       -7.9347191697958813e-02, 7.4237154329523408e-02,
       -3.4250556045429960e-02, -2.7004937512677066e+02,
       -4.1218125081048396e+02, 1.1809556468595815e+03,
       -7.9374383924396649e-02, 7.4058448536475419e-02,
       -3.4261801532720196e-02, -2.7005409440056366e+02,
       -4.1217937248511498e+02, 1.1809207099518851e+03,
       -7.9408265883653406e-02, 7.4487565916150189e-02,
       -3.4229327463002869e-02, -2.7004150057519735e+02,
       -4.1218661946568812e+02, 1.1810409010844851e+03,
       -1.0149598242683221e-01, 8.4230207534152848e-02,
       -3.0866324492614072e-02, -4.3813351294405146e+02,
       -4.0523012060808577e+02, 1.2151102692402742e+03,
       -1.0143335647871984e-01, 8.4223902914135909e-02,
       -3.0882742613355208e-02, -4.3813899010839378e+02,
       -4.0523430079810765e+02, 1.2151093694313643e+03,
       -1.0142325020680548e-01, 8.4423532246081054e-02,
       -3.0878689907192641e-02, -4.3813117707263416e+02,
       -4.0522975879580218e+02, 1.2151627963530661e+03,
       -1.0152957940119306e-01, 8.4197558961139771e-02,
       -3.0902832811626191e-02, -4.3814215365433870e+02,
       -4.0522229552791788e+02, 1.2151236434091859e+03,
       -3.7919371434943894e-01, -4.7341693273496334e-02,
       -7.6554792605951119e-02, -3.8309062183116669e+02,
       -3.0332227375929665e+02, 1.0578320402910081e+03,
       -3.7928962826106732e-01, -4.7403426148420510e-02,
       -7.6547633973273854e-02, -3.8310398067241749e+02,
       -3.0331463309720567e+02, 1.0578340314646807e+03,
       -3.7918710167651676e-01, -4.7302861553316887e-02,
       -7.6557164874232614e-02, -3.8309922517432568e+02,
       -3.0332181454794568e+02, 1.0578353042235437e+03,
       -3.7923952634247399e-01, -4.7315138516493584e-02,
       -7.6541561558552601e-02, -3.8309148674486244e+02,
       -3.0331500391762904e+02, 1.0578559823829626e+03,
       -3.5089590297334033e-01, 6.9329722512951816e-02,
       -3.1342000197491393e-02, -1.5831559158266808e+02,
       -3.3911353661373499e+02, 1.1260076081013949e+03,
       -3.5089634458405716e-01, 6.9365577651107513e-02,
       -3.1314647887713327e-02, -1.5829706596665187e+02,
       -3.3912324182874391e+02, 1.1260217542223661e+03,
       -3.5091117054273696e-01, 6.9357073482840814e-02,
       -3.1312475282901479e-02, -1.5830535528882010e+02,
       -3.3911762294249013e+02, 1.1260170647835187e+03,
       -3.5090690645649880e-01, 6.9313930267270479e-02,
       -3.1316758043096637e-02, -1.5830765516034703e+02,
       -3.3912731053377536e+02, 1.1260064661358026e+03 ]
