%YAML:1.0
calibration_time: "Sun 26 Feb 2017 08:05:39 AM EST"
nframes: 23
image_width: 1280
image_height: 1024
board_width: 7
board_height: 7
square_size: 100.
flags: 0
camera_matrix: !!opencv-matrix
   rows: 3
   cols: 3
   dt: d
   data: [ 1.2633756828103851e+03, 0., 6.7945332866060528e+02, 0.,
       1.2701816039973958e+03, 4.8168563700517933e+02, 0., 0., 1. ]
distortion_coefficients: !!opencv-matrix
   rows: 5
   cols: 1
   dt: d
   data: [ -4.6292838915998913e-01, 3.8649962010768446e-01,
       3.5674436163027150e-03, 3.0287044185002342e-03,
       -2.6783593852632448e-01 ]
avg_reprojection_error: 2.2233882875094765e-01
per_view_reprojection_errors: !!opencv-matrix
   rows: 23
   cols: 1
   dt: f
   data: [ 1.72859028e-01, 1.70057267e-01, 1.81012422e-01,
       1.66799977e-01, 1.70087740e-01, 1.71836987e-01, 1.78684846e-01,
       1.76733419e-01, 1.82036862e-01, 1.73790202e-01, 1.75634354e-01,
       1.73657998e-01, 1.72557428e-01, 1.75557986e-01, 1.75827742e-01,
       2.38360301e-01, 2.34091550e-01, 2.37643525e-01, 2.38850310e-01,
       3.35092336e-01, 3.35869312e-01, 3.40166986e-01, 3.37908864e-01 ]
extrinsic_parameters: !!opencv-matrix
   rows: 23
   cols: 6
   dt: d
   data: [ -1.7101759618624246e-01, 6.7078846462090724e-02,
       -2.7481199868276962e-02, -2.4130411576148384e+02,
       -3.9021059952534983e+02, 1.2089148894691721e+03,
       -1.7100737576650610e-01, 6.7098369385058976e-02,
       -2.7480577702599610e-02, -2.4130934291808373e+02,
       -3.9021009838613656e+02, 1.2089152678684391e+03,
       -1.7090684078611129e-01, 6.7113362402578855e-02,
       -2.7478505150735338e-02, -2.4130105359720636e+02,
       -3.9021591317665457e+02, 1.2088867295446669e+03,
       -1.7100287841467920e-01, 6.6980566838407335e-02,
       -2.7466419245940701e-02, -2.4130060896290559e+02,
       -3.9022134819282968e+02, 1.2088611931090620e+03,
       -1.7110729006681821e-01, 6.7132518971786501e-02,
       -2.7460511954586861e-02, -2.4129444617515034e+02,
       -3.9021607446706059e+02, 1.2089235788232420e+03,
       -1.7105110504180118e-01, 6.7234459735932492e-02,
       -2.7471329865738994e-02, -2.4129101140378626e+02,
       -3.9020741508077111e+02, 1.2088891655065913e+03,
       -1.7108786784738592e-01, 6.7160613389862581e-02,
       -2.7473022849746009e-02, -2.4128928188858345e+02,
       -3.9021478408209288e+02, 1.2089329057419652e+03,
       -7.0645231296358732e-02, 7.2457934648517269e-02,
       -2.9574055832381468e-02, -4.1354644183053512e+02,
       -4.0769467789294941e+02, 1.2198196072278583e+03,
       -7.0585428369091263e-02, 7.2502656044119915e-02,
       -2.9562636100723658e-02, -4.1354551981519194e+02,
       -4.0770441524627319e+02, 1.2198115888751781e+03,
       -7.0728470314947403e-02, 7.2333379895331229e-02,
       -2.9572986761260679e-02, -4.1354747118126755e+02,
       -4.0770290621765491e+02, 1.2197735546797862e+03,
       -7.0473713292430018e-02, 7.2178042148766636e-02,
       -2.9551902144737269e-02, -4.1355044369315277e+02,
       -4.0772146090967601e+02, 1.2197077277784770e+03,
       -9.3995657017444792e-02, 8.3471418650061302e-02,
       -2.6375078544775585e-02, -5.8172721750261996e+02,
       -4.0141150015109150e+02, 1.2548634945868957e+03,
       -9.3885058764549084e-02, 8.3444939413581790e-02,
       -2.6356680737680022e-02, -5.8172986616957849e+02,
       -4.0143505585435986e+02, 1.2548526213501027e+03,
       -9.3918485251686931e-02, 8.3492990379097104e-02,
       -2.6376436727887174e-02, -5.8173112910455166e+02,
       -4.0142559841115940e+02, 1.2548940429642557e+03,
       -9.3933774964996775e-02, 8.3479599671547111e-02,
       -2.6374907749106162e-02, -5.8172458235328759e+02,
       -4.0142682573014804e+02, 1.2548631095388055e+03,
       -3.8199740583807762e-01, -5.3889028886229769e-02,
       -7.1925140178799640e-02, -5.2662787451568681e+02,
       -2.9974536606460521e+02, 1.0927847831999634e+03,
       -3.8206243827692959e-01, -5.3941721305907853e-02,
       -7.1929239178795082e-02, -5.2662431199935770e+02,
       -2.9974206109923983e+02, 1.0927734262095689e+03,
       -3.8202792854833978e-01, -5.3975692090392609e-02,
       -7.1923827631588874e-02, -5.2663036076193714e+02,
       -2.9975042044848630e+02, 1.0927888291606714e+03,
       -3.8198893816124752e-01, -5.3994725040655868e-02,
       -7.1931469868864117e-02, -5.2663296021699648e+02,
       -2.9974980008287258e+02, 1.0927624387992416e+03,
       -3.5382545581570773e-01, 6.5491448068640948e-02,
       -2.6762647063117879e-02, -3.0185782787693023e+02,
       -3.3389072647697202e+02, 1.1639085245543226e+03,
       -3.5383778765862134e-01, 6.5445913769921121e-02,
       -2.6765128473491741e-02, -3.0185479711347813e+02,
       -3.3389143930642712e+02, 1.1638760167226881e+03,
       -3.5375978034763150e-01, 6.5486575408993053e-02,
       -2.6764699137539535e-02, -3.0185917957221056e+02,
       -3.3390057422576638e+02, 1.1639180245373220e+03,
       -3.5383867583254258e-01, 6.5464191838769212e-02,
       -2.6750851100478302e-02, -3.0185030444507498e+02,
       -3.3389107043391925e+02, 1.1638915861759815e+03 ]
