%YAML:1.0
calibration_time: "Sun 26 Feb 2017 06:55:20 AM EST"
nframes: 26
image_width: 1280
image_height: 1024
board_width: 7
board_height: 7
square_size: 100.
flags: 0
camera_matrix: !!opencv-matrix
   rows: 3
   cols: 3
   dt: d
   data: [ 1.2431817523492907e+03, 0., 6.4857123544181206e+02, 0.,
       1.2494227108765740e+03, 5.1691278131555919e+02, 0., 0., 1. ]
distortion_coefficients: !!opencv-matrix
   rows: 5
   cols: 1
   dt: d
   data: [ -4.2820923405924038e-01, 2.5915948853572268e-01,
       3.1950014288248760e-03, 1.5804484575378580e-03,
       -1.1690876034589150e-01 ]
avg_reprojection_error: 4.0325757799390355e-01
per_view_reprojection_errors: !!opencv-matrix
   rows: 26
   cols: 1
   dt: f
   data: [ 3.04482698e-01, 3.00468355e-01, 3.03198338e-01,
       3.03136975e-01, 3.03795427e-01, 3.01073194e-01, 5.22888064e-01,
       5.23884714e-01, 5.22188663e-01, 5.20909071e-01, 5.22805154e-01,
       4.76919085e-01, 4.74871993e-01, 4.75705236e-01, 4.75566268e-01,
       4.76844281e-01, 3.89833391e-01, 3.85903299e-01, 3.86967123e-01,
       3.90146703e-01, 3.84068817e-01, 2.92819381e-01, 2.94565946e-01,
       2.93188930e-01, 2.91726708e-01, 2.93829560e-01 ]
extrinsic_parameters: !!opencv-matrix
   rows: 26
   cols: 6
   dt: d
   data: [ -4.6903271316644085e-01, 2.5547397897332451e-02,
       7.1761840822538387e-03, -2.4026511592757441e+02,
       -2.5878434631145359e+02, 1.1861042236319981e+03,
       -4.6902435684771931e-01, 2.5533365067951740e-02,
       7.1798261412452701e-03, -2.4026408888475027e+02,
       -2.5879103866764001e+02, 1.1860941938551659e+03,
       -4.6902257477822074e-01, 2.5551520751642777e-02,
       7.1737114032781766e-03, -2.4026432451528299e+02,
       -2.5878328356847447e+02, 1.1861017940627046e+03,
       -4.6903611170586429e-01, 2.5557836075598590e-02,
       7.1779954579441326e-03, -2.4026163602294187e+02,
       -2.5878525733572388e+02, 1.1861131090768647e+03,
       -4.6904421676487740e-01, 2.5576614787551629e-02,
       7.1791451886573428e-03, -2.4026065251166452e+02,
       -2.5878244565222428e+02, 1.1861109848230583e+03,
       -4.6902880013642889e-01, 2.5584829782208253e-02,
       7.1693033905027787e-03, -2.4026330441465404e+02,
       -2.5878113130578203e+02, 1.1861068275801717e+03,
       -4.9604721820126446e-01, -4.6112902796809171e-02,
       -1.4402140762114587e-01, -4.5896791173823181e+02,
       -2.0390768401044187e+02, 1.1693673465684810e+03,
       -4.9604265645777057e-01, -4.6146956368798127e-02,
       -1.4403133286517189e-01, -4.5897562649296299e+02,
       -2.0391141122381663e+02, 1.1693463973330593e+03,
       -4.9602802582182665e-01, -4.6132454020972831e-02,
       -1.4402767251390436e-01, -4.5896984250597308e+02,
       -2.0391741867104801e+02, 1.1693610032445883e+03,
       -4.9599374573202382e-01, -4.6107911253977688e-02,
       -1.4401864918248766e-01, -4.5896829438354968e+02,
       -2.0392887080074124e+02, 1.1693566582748579e+03,
       -4.9604196838218489e-01, -4.6139416898571900e-02,
       -1.4403252962630228e-01, -4.5897324193158437e+02,
       -2.0393162061649991e+02, 1.1693434899759739e+03,
       -5.0136960688676668e-01, 3.9219300541452999e-02,
       -1.3385530027409385e-02, -1.1937688141560771e+02,
       -2.1559593349930245e+02, 1.1802101616562807e+03,
       -5.0135830412155857e-01, 3.9193011768268247e-02,
       -1.3380126028529905e-02, -1.1936909658075932e+02,
       -2.1560552140423667e+02, 1.1802194210908863e+03,
       -5.0136297311719769e-01, 3.9208262971247666e-02,
       -1.3385284651287934e-02, -1.1937576942255669e+02,
       -2.1560278961957584e+02, 1.1802115880984347e+03,
       -5.0135899692575447e-01, 3.9226512990732598e-02,
       -1.3374419149211864e-02, -1.1936849040700162e+02,
       -2.1560690710025321e+02, 1.1802231580106177e+03,
       -5.0134100873916798e-01, 3.9246365511446162e-02,
       -1.3386315858968862e-02, -1.1936959996070019e+02,
       -2.1560774544342183e+02, 1.1802364062743598e+03,
       -1.5061598290912798e-01, -1.1211418056980118e-02,
       -3.2686657774926076e-02, -1.4325855771114652e+02,
       -3.0848740526471488e+02, 9.4616688015538750e+02,
       -1.5068430876489386e-01, -1.1241038603499219e-02,
       -3.2710329179081059e-02, -1.4326094845080584e+02,
       -3.0847993124543098e+02, 9.4620003309461208e+02,
       -1.5067148218202200e-01, -1.1245475453221165e-02,
       -3.2696666840460145e-02, -1.4325817176567912e+02,
       -3.0848911136873693e+02, 9.4618594953331933e+02,
       -1.5064503897419135e-01, -1.1255710755249790e-02,
       -3.2688626653294472e-02, -1.4325711989455149e+02,
       -3.0849768026824881e+02, 9.4617577837838996e+02,
       -1.5056242814214632e-01, -1.1264959452334536e-02,
       -3.2703491575942351e-02, -1.4325936320776435e+02,
       -3.0850539064201882e+02, 9.4615196417538198e+02,
       -1.0511391934825925e-01, 1.1597232953799306e-02,
       -1.0330413318478055e-02, -3.4605081071494965e+02,
       -3.3461689960664967e+02, 9.4577764037397515e+02,
       -1.0507008631422689e-01, 1.1565443221017949e-02,
       -1.0340783357579684e-02, -3.4605554026199809e+02,
       -3.3461276100463135e+02, 9.4576786716944127e+02,
       -1.0507415496372398e-01, 1.1624722249712633e-02,
       -1.0349649690595647e-02, -3.4605800825891714e+02,
       -3.3461045473404988e+02, 9.4576933937728165e+02,
       -1.0510062139693969e-01, 1.1597138054625485e-02,
       -1.0352707876789441e-02, -3.4606007605469944e+02,
       -3.3460898581919594e+02, 9.4576591168688765e+02,
       -1.0509270717543924e-01, 1.1554539841728632e-02,
       -1.0349187381890310e-02, -3.4605975535671627e+02,
       -3.3461149250858699e+02, 9.4575758838768570e+02 ]
